% -------------------------------------------------------------------
%  Generated by MATLAB on 1-Oct-2018 21:00:38
%  MATLAB version: 8.4.0.150421 (R2014b)
% -------------------------------------------------------------------
 A=[2 6; 3 9];
B=[1 2; 3 4];
C=[-5 5; 5 3];
d=[0 0;0 0];
G=[A d d;d B d;d d C]                                     

A = ...
  [2 6;
   3 9];

B = ...
  [1 2;
   3 4];

C = ...
  [-5 5;
   5 3];

G = ...
  [2 6 0 0 0 0;
   3 9 0 0 0 0;
   0 0 1 2 0 0;
   0 0 3 4 0 0;
   0 0 0 0 -5 5;
   0 0 0 0 5 3];

d = ...
  [0 0;
   0 0];


